0.00247875 0.00247875
6.42342e-05 0.0658338
8.87927e-06 1.16175
7.17552e-08 60.1406
1.02666e-08 545.124
3.01018e-10 55731.9
1.00508e-14 2.17291e+07
1.38246e-14 9.94605e+06
4.37624e-14 5.6164e+09
3.03718e-16 5.27693e+09
1.49198e-16 4.57782e+14
4.01351e-19 3.08515e+11
4.16961e-24 3.44396e+16
5.59415e-23 1.98055e+14
4.40297e-22 2.7238e+19
1.44918e-28 1.01088e+19
4.6513e-27 6.08275e+23
2.38874e-28 1.77589e+23
7.92461e-31 5.90904e+23
5.35095e-29 1.51806e+23
5.72663e-30 6.93684e+27
3.26898e-34 1.47537e+30
2.38001e-34 1.23239e+29
1.00363e-47 4.31894e+30
2.14258e-32 7.35289e+41
1.92873e-38 7.42118e+32
1.20478e-37 8.02977e+35
5.18024e-42 2.97141e+37
3.24612e-42 4.04048e+35
1.71194e-42 8.38454e+36
2.73198e-48 3.34468e+40
2.12864e-47 2.98404e+44
2.40613e-47 1.53869e+39
9.00292e-54 1.23708e+47
1.11137e-46 8.78229e+46
1.89116e-67 3.46967e+40
8.80197e-56 1.23764e+45
2.15155e-56 6.2112e+55
1.17785e-72 4.37514e+52
7.12436e-57 9.88931e+54
1.18086e-63 3.37728e+68
1.08627e-61 9.64066e+66
1.81876e-64 2.90976e+59
4.12001e-62 4.01861e+60
3.93153e-71 2.55333e+67
1.88133e-64 9.43213e+58
7.17606e-70 1.30189e+62
1.62248e-67 2.70962e+51
3.77536e-78 4.40297e+60
1.68668e-84 1.68812e+67
1.12924e-72 6.64916e+78
1.58632e-77 3.83374e+74
4.9024e-70 2.2154e+71
3.61971e-77 3.6857e+66
3.25669e-84 3.0013e+65
4.62472e-106 1.95359e+78
2.26833e-95 2.01794e+73
2.09509e-75 2.81343e+81
4.74082e-100 5.97587e+133
6.67969e-81 4.23873e+111
7.59841e-81 3.1666e+91
1.03935e-100 6.27366e+79
2.84418e-109 2.12179e+81
7.32857e-106 2.43142e+84
1.92924e-109 9.18511e+81
1.42065e-83 5.36077e+92
5.79013e-95 3.22033e+88
3.14932e-98 2.01758e+101
3.07756e-99 3.04466e+93
5.05651e-118 1.293e+102
2.02503e-104 9.56648e+90
1.06998e-114 7.25126e+108
9.22761e-113 2.44447e+119
6.22446e-127 5.55586e+100
3.99928e-109 5.97013e+103
2.70634e-116 6.97726e+116
3.29408e-119 5.69382e+100
4.57146e-114 2.34572e+98
1.3935e-111 1.46971e+105
1.38017e-113 9.32019e+128
1.21631e-140 1.00278e+137
5.26605e-130 1.61314e+113
2.89365e-112 3.2191e+125
3.84345e-123 3.23513e+117
8.0413e-111 1.58031e+118
5.37385e-138 2.39733e+131
9.86198e-120 3.61811e+121
6.23962e-135 4.65001e+119
1.27019e-141 4.646e+106
3.94547e-137 2.5219e+120
1.25938e-131 6.12776e+142
4.86314e-140 1.77616e+128
9.42377e-133 2.35801e+126
1.23781e-138 9.79728e+120
6.30799e-144 5.43714e+119
1.97346e-144 2.8531e+168
7.80334e-134 8.78565e+138
2.1569e-169 1.46144e+145
7.30649e-138 4.08701e+125
3.90335e-149 6.71611e+183
